349 219  98  82 #eeee00
102 203  91  39 #ff8800
325 254  58  70 #cc00cc
672 241  75  77 #cc00cc
292 482  29  76 #8c1515
 76 466  39  32 #8c1515
282 488  37  76 #0000cc
216 405  53  73 #0000cc
415 180  85  30 #cc00cc
176  26  36 100 #ff8800
  9 189  92  42 #0000cc
 65 -19  93  66 #00cc00
-86 165  90  42 #0000cc
496 268  29  78 #ff8800
318 212  79  42 #cc00cc
393 206  27  66 #8c1515
 -5  50  20  42 #cc00cc
106 158  25  23 #0000cc
239 304  59  31 #ff8800
 59  55  56  69 #0000cc
216 -64  62  93 #00cc00
575 331  97  30 #cc00cc
534 369  67  63 #8c1515
484 340  51  74 #eeee00
-23 119  86  24 #cc00cc
 60 411  61  73 #eeee00
509 383  39  36 #00cc00
247 546  20  65 #0000cc
407 414  91  55 #0000cc
491 -18  44  24 #cc00cc
457 461  73  87 #0000cc
486 232  39  41 #eeee00
 34 138  64  71 #00cc00
563 469  49  44 #0000cc
379 319  93  70 #00cc00
193 176  71  87 #eeee00
445 419  98  21 #8c1515
-61 231  78  92 #00cc00
642 -40  97  99 #00cc00
388 647  34  56 #00cc00
551 148  79  93 #ff8800
179 229  27  98 #00cc00
219 519  30  52 #0000cc
666  27  28  63 #eeee00
667  85  39  26 #0000cc
409 513  38  47 #ff8800
106 366  84  63 #eeee00
562 630  75  76 #0000cc
365 301  31  28 #eeee00
281 332  68  67 #8c1515
544 196  54  84 #eeee00
144 330  96  69 #ff8800
658 568  71  48 #eeee00
423 381  85  66 #cc00cc
422 154  83  82 #00cc00
580 -84  65  95 #ff8800
147 192  65  55 #8c1515
280 330  39  44 #eeee00
 73 506  88  34 #0000cc
427 508  32  67 #00cc00
689 516  33  67 #eeee00
575   5  39  50 #ff8800
574 355  45  71 #eeee00
152 -25  72  87 #ff8800
366 167  31  95 #8c1515
169 101  68  61 #00cc00
616 306  62  52 #00cc00
373 376  84  80 #8c1515
273 503  98  95 #cc00cc
212 469  56  56 #cc00cc
285 103  78  92 #00cc00
515 274  34  90 #0000cc
331 614  24  21 #cc00cc
138 126  76  79 #ff8800
190 352  28  40 #0000cc
313 101  87  21 #8c1515
451 289  23  93 #0000cc
-68 392  92  76 #00cc00
121 370  30  76 #cc00cc
220 -38  79  45 #cc00cc
580   2  80  29 #8c1515
465 213  92  90 #0000cc
669  31  57  56 #eeee00
458  83  30  21 #cc00cc
199   2  89  42 #eeee00
129 205  20  84 #8c1515
641 409  84  31 #00cc00
-23 156  69  64 #eeee00
271 -28  29  82 #eeee00
641  -2  50  36 #ff8800
421 614  67  93 #eeee00
526 454  62  97 #ff8800
313 297  67  63 #00cc00
492 475  75  28 #ff8800
 76 -16  75  89 #eeee00
 69 -46  27  58 #cc00cc
274  21  59  68 #cc00cc
336  58  53  73 #ff8800
645 186  90  81 #00cc00
247 546  29  23 #8c1515
